{
 "cells": [
  {
   "attachments": {},
   "cell_type": "markdown",
   "metadata": {},
   "source": [
    "Summary\n",
    "# 1 - API: coordinates + weather data\n",
    "\n",
    "# 2 - Top-5 cities Map\n",
    "\n",
    "# 3 - Booking.com Scraping\n",
    "\n",
    "# 4 - Top-20 hotels Map\n",
    "\n",
    "# 5 - AWS S3 Bucket\n",
    "\n",
    "# 6 - AWS RDS Instance"
   ]
  },
  {
   "attachments": {},
   "cell_type": "markdown",
   "metadata": {},
   "source": [
    "# 1 - API: coordinates + weather data"
   ]
  },
  {
   "cell_type": "code",
   "execution_count": 1,
   "metadata": {},
   "outputs": [],
   "source": [
    "# Importing libraries\n",
    "import requests\n",
    "import pandas as pd\n",
    "import json\n",
    "import numpy as np"
   ]
  },
  {
   "cell_type": "code",
   "execution_count": 2,
   "metadata": {},
   "outputs": [],
   "source": [
    "# Creating list of cities\n",
    "list_cities = [\"Mont Saint Michel\", \"St Malo\", \"Bayeux\", \"Le Havre\", \"Rouen\", \"Paris\", \"Amiens\", \"Lille\", \"Strasbourg\", \"Chateau du Haut Koenigsbourg\", \"Colmar\", \n",
    "\"Eguisheim\", \"Besancon\", \"Dijon\", \"Annecy\", \"Grenoble\", \"Lyon\", \"Gorges du Verdon\", \"Bormes les Mimosas\", \"Cassis\", \"Marseille\", \"Aix en Provence\", \"Avignon\",\n",
    "\"Uzes\", \"Nimes\", \"Aigues Mortes\", \"Saintes Maries de la mer\", \"Collioure\", \"Carcassonne\", \"Ariege\", \"Toulouse\", \"Montauban\", \"Biarritz\", \"Bayonne\", \"La Rochelle\"]"
   ]
  },
  {
   "cell_type": "code",
   "execution_count": 4,
   "metadata": {},
   "outputs": [
    {
     "data": {
      "text/html": [
       "<div>\n",
       "<style scoped>\n",
       "    .dataframe tbody tr th:only-of-type {\n",
       "        vertical-align: middle;\n",
       "    }\n",
       "\n",
       "    .dataframe tbody tr th {\n",
       "        vertical-align: top;\n",
       "    }\n",
       "\n",
       "    .dataframe thead th {\n",
       "        text-align: right;\n",
       "    }\n",
       "</style>\n",
       "<table border=\"1\" class=\"dataframe\">\n",
       "  <thead>\n",
       "    <tr style=\"text-align: right;\">\n",
       "      <th></th>\n",
       "      <th>city_id</th>\n",
       "      <th>city</th>\n",
       "      <th>city_latitude</th>\n",
       "      <th>city_longitude</th>\n",
       "      <th>felt_temperature</th>\n",
       "      <th>rain_probability</th>\n",
       "    </tr>\n",
       "  </thead>\n",
       "  <tbody>\n",
       "    <tr>\n",
       "      <th>0</th>\n",
       "      <td>0</td>\n",
       "      <td>Aigues Mortes</td>\n",
       "      <td>43.565823</td>\n",
       "      <td>4.191284</td>\n",
       "      <td>9.524286</td>\n",
       "      <td>0.074286</td>\n",
       "    </tr>\n",
       "    <tr>\n",
       "      <th>1</th>\n",
       "      <td>1</td>\n",
       "      <td>Aix en Provence</td>\n",
       "      <td>43.529842</td>\n",
       "      <td>5.447474</td>\n",
       "      <td>9.855714</td>\n",
       "      <td>0.015714</td>\n",
       "    </tr>\n",
       "    <tr>\n",
       "      <th>2</th>\n",
       "      <td>2</td>\n",
       "      <td>Amiens</td>\n",
       "      <td>49.894171</td>\n",
       "      <td>2.295695</td>\n",
       "      <td>8.794286</td>\n",
       "      <td>0.001429</td>\n",
       "    </tr>\n",
       "    <tr>\n",
       "      <th>3</th>\n",
       "      <td>3</td>\n",
       "      <td>Annecy</td>\n",
       "      <td>45.899235</td>\n",
       "      <td>6.128885</td>\n",
       "      <td>7.994286</td>\n",
       "      <td>0.000000</td>\n",
       "    </tr>\n",
       "    <tr>\n",
       "      <th>4</th>\n",
       "      <td>4</td>\n",
       "      <td>Ariege</td>\n",
       "      <td>42.945537</td>\n",
       "      <td>1.406554</td>\n",
       "      <td>6.391429</td>\n",
       "      <td>0.160000</td>\n",
       "    </tr>\n",
       "    <tr>\n",
       "      <th>5</th>\n",
       "      <td>5</td>\n",
       "      <td>Avignon</td>\n",
       "      <td>43.949249</td>\n",
       "      <td>4.805901</td>\n",
       "      <td>9.071429</td>\n",
       "      <td>0.000000</td>\n",
       "    </tr>\n",
       "    <tr>\n",
       "      <th>6</th>\n",
       "      <td>6</td>\n",
       "      <td>Bayeux</td>\n",
       "      <td>49.276462</td>\n",
       "      <td>-0.702474</td>\n",
       "      <td>9.367143</td>\n",
       "      <td>0.207143</td>\n",
       "    </tr>\n",
       "    <tr>\n",
       "      <th>7</th>\n",
       "      <td>7</td>\n",
       "      <td>Bayonne</td>\n",
       "      <td>43.494514</td>\n",
       "      <td>-1.473666</td>\n",
       "      <td>10.731429</td>\n",
       "      <td>0.218571</td>\n",
       "    </tr>\n",
       "    <tr>\n",
       "      <th>8</th>\n",
       "      <td>8</td>\n",
       "      <td>Besancon</td>\n",
       "      <td>47.238022</td>\n",
       "      <td>6.024362</td>\n",
       "      <td>8.064286</td>\n",
       "      <td>0.000000</td>\n",
       "    </tr>\n",
       "    <tr>\n",
       "      <th>9</th>\n",
       "      <td>9</td>\n",
       "      <td>Biarritz</td>\n",
       "      <td>43.471144</td>\n",
       "      <td>-1.552727</td>\n",
       "      <td>9.920000</td>\n",
       "      <td>0.224286</td>\n",
       "    </tr>\n",
       "    <tr>\n",
       "      <th>10</th>\n",
       "      <td>10</td>\n",
       "      <td>Bormes les Mimosas</td>\n",
       "      <td>43.150697</td>\n",
       "      <td>6.341928</td>\n",
       "      <td>10.371429</td>\n",
       "      <td>0.000000</td>\n",
       "    </tr>\n",
       "    <tr>\n",
       "      <th>11</th>\n",
       "      <td>11</td>\n",
       "      <td>Carcassonne</td>\n",
       "      <td>43.213036</td>\n",
       "      <td>2.349107</td>\n",
       "      <td>9.690000</td>\n",
       "      <td>0.134286</td>\n",
       "    </tr>\n",
       "    <tr>\n",
       "      <th>12</th>\n",
       "      <td>12</td>\n",
       "      <td>Cassis</td>\n",
       "      <td>43.214036</td>\n",
       "      <td>5.539632</td>\n",
       "      <td>10.337143</td>\n",
       "      <td>0.034286</td>\n",
       "    </tr>\n",
       "    <tr>\n",
       "      <th>13</th>\n",
       "      <td>13</td>\n",
       "      <td>Chateau du Haut Koenigsbourg</td>\n",
       "      <td>48.249490</td>\n",
       "      <td>7.344296</td>\n",
       "      <td>5.667143</td>\n",
       "      <td>0.000000</td>\n",
       "    </tr>\n",
       "    <tr>\n",
       "      <th>14</th>\n",
       "      <td>14</td>\n",
       "      <td>Collioure</td>\n",
       "      <td>42.525050</td>\n",
       "      <td>3.083155</td>\n",
       "      <td>10.855714</td>\n",
       "      <td>0.142857</td>\n",
       "    </tr>\n",
       "    <tr>\n",
       "      <th>15</th>\n",
       "      <td>15</td>\n",
       "      <td>Colmar</td>\n",
       "      <td>48.077752</td>\n",
       "      <td>7.357964</td>\n",
       "      <td>7.828571</td>\n",
       "      <td>0.000000</td>\n",
       "    </tr>\n",
       "    <tr>\n",
       "      <th>16</th>\n",
       "      <td>16</td>\n",
       "      <td>Dijon</td>\n",
       "      <td>47.321581</td>\n",
       "      <td>5.041470</td>\n",
       "      <td>6.802857</td>\n",
       "      <td>0.000000</td>\n",
       "    </tr>\n",
       "    <tr>\n",
       "      <th>17</th>\n",
       "      <td>17</td>\n",
       "      <td>Eguisheim</td>\n",
       "      <td>48.044797</td>\n",
       "      <td>7.307962</td>\n",
       "      <td>8.094286</td>\n",
       "      <td>0.000000</td>\n",
       "    </tr>\n",
       "    <tr>\n",
       "      <th>18</th>\n",
       "      <td>18</td>\n",
       "      <td>Gorges du Verdon</td>\n",
       "      <td>43.749656</td>\n",
       "      <td>6.328562</td>\n",
       "      <td>8.218571</td>\n",
       "      <td>0.000000</td>\n",
       "    </tr>\n",
       "    <tr>\n",
       "      <th>19</th>\n",
       "      <td>19</td>\n",
       "      <td>Grenoble</td>\n",
       "      <td>45.187560</td>\n",
       "      <td>5.735782</td>\n",
       "      <td>10.958571</td>\n",
       "      <td>0.000000</td>\n",
       "    </tr>\n",
       "    <tr>\n",
       "      <th>20</th>\n",
       "      <td>20</td>\n",
       "      <td>La Rochelle</td>\n",
       "      <td>46.159113</td>\n",
       "      <td>-1.152043</td>\n",
       "      <td>7.297143</td>\n",
       "      <td>0.174286</td>\n",
       "    </tr>\n",
       "    <tr>\n",
       "      <th>21</th>\n",
       "      <td>21</td>\n",
       "      <td>Le Havre</td>\n",
       "      <td>49.493898</td>\n",
       "      <td>0.107973</td>\n",
       "      <td>8.198571</td>\n",
       "      <td>0.122857</td>\n",
       "    </tr>\n",
       "    <tr>\n",
       "      <th>22</th>\n",
       "      <td>22</td>\n",
       "      <td>Lille</td>\n",
       "      <td>50.636565</td>\n",
       "      <td>3.063528</td>\n",
       "      <td>8.457143</td>\n",
       "      <td>0.028571</td>\n",
       "    </tr>\n",
       "    <tr>\n",
       "      <th>23</th>\n",
       "      <td>23</td>\n",
       "      <td>Lyon</td>\n",
       "      <td>45.757814</td>\n",
       "      <td>4.832011</td>\n",
       "      <td>7.972857</td>\n",
       "      <td>0.000000</td>\n",
       "    </tr>\n",
       "    <tr>\n",
       "      <th>24</th>\n",
       "      <td>24</td>\n",
       "      <td>Marseille</td>\n",
       "      <td>43.296174</td>\n",
       "      <td>5.369953</td>\n",
       "      <td>9.885714</td>\n",
       "      <td>0.032857</td>\n",
       "    </tr>\n",
       "    <tr>\n",
       "      <th>25</th>\n",
       "      <td>25</td>\n",
       "      <td>Mont Saint Michel</td>\n",
       "      <td>48.635954</td>\n",
       "      <td>-1.511460</td>\n",
       "      <td>9.237143</td>\n",
       "      <td>0.158571</td>\n",
       "    </tr>\n",
       "    <tr>\n",
       "      <th>26</th>\n",
       "      <td>26</td>\n",
       "      <td>Montauban</td>\n",
       "      <td>44.017584</td>\n",
       "      <td>1.354999</td>\n",
       "      <td>9.727143</td>\n",
       "      <td>0.092857</td>\n",
       "    </tr>\n",
       "    <tr>\n",
       "      <th>27</th>\n",
       "      <td>27</td>\n",
       "      <td>Nimes</td>\n",
       "      <td>43.837425</td>\n",
       "      <td>4.360069</td>\n",
       "      <td>9.491429</td>\n",
       "      <td>0.034286</td>\n",
       "    </tr>\n",
       "    <tr>\n",
       "      <th>28</th>\n",
       "      <td>28</td>\n",
       "      <td>Paris</td>\n",
       "      <td>48.858890</td>\n",
       "      <td>2.320041</td>\n",
       "      <td>8.705714</td>\n",
       "      <td>0.032857</td>\n",
       "    </tr>\n",
       "    <tr>\n",
       "      <th>29</th>\n",
       "      <td>29</td>\n",
       "      <td>Rouen</td>\n",
       "      <td>49.440459</td>\n",
       "      <td>1.093966</td>\n",
       "      <td>9.410000</td>\n",
       "      <td>0.084286</td>\n",
       "    </tr>\n",
       "    <tr>\n",
       "      <th>30</th>\n",
       "      <td>30</td>\n",
       "      <td>Saintes Maries de la mer</td>\n",
       "      <td>43.452277</td>\n",
       "      <td>4.428717</td>\n",
       "      <td>9.070000</td>\n",
       "      <td>0.067143</td>\n",
       "    </tr>\n",
       "    <tr>\n",
       "      <th>31</th>\n",
       "      <td>31</td>\n",
       "      <td>St Malo</td>\n",
       "      <td>48.649518</td>\n",
       "      <td>-2.026041</td>\n",
       "      <td>7.368571</td>\n",
       "      <td>0.234286</td>\n",
       "    </tr>\n",
       "    <tr>\n",
       "      <th>32</th>\n",
       "      <td>32</td>\n",
       "      <td>Strasbourg</td>\n",
       "      <td>48.584614</td>\n",
       "      <td>7.750713</td>\n",
       "      <td>7.001429</td>\n",
       "      <td>0.000000</td>\n",
       "    </tr>\n",
       "    <tr>\n",
       "      <th>33</th>\n",
       "      <td>33</td>\n",
       "      <td>Toulouse</td>\n",
       "      <td>43.604462</td>\n",
       "      <td>1.444247</td>\n",
       "      <td>9.525714</td>\n",
       "      <td>0.098571</td>\n",
       "    </tr>\n",
       "    <tr>\n",
       "      <th>34</th>\n",
       "      <td>34</td>\n",
       "      <td>Uzes</td>\n",
       "      <td>44.012128</td>\n",
       "      <td>4.419672</td>\n",
       "      <td>8.931429</td>\n",
       "      <td>0.005714</td>\n",
       "    </tr>\n",
       "  </tbody>\n",
       "</table>\n",
       "</div>"
      ],
      "text/plain": [
       "    city_id                          city  city_latitude  city_longitude  \\\n",
       "0         0                 Aigues Mortes      43.565823        4.191284   \n",
       "1         1               Aix en Provence      43.529842        5.447474   \n",
       "2         2                        Amiens      49.894171        2.295695   \n",
       "3         3                        Annecy      45.899235        6.128885   \n",
       "4         4                        Ariege      42.945537        1.406554   \n",
       "5         5                       Avignon      43.949249        4.805901   \n",
       "6         6                        Bayeux      49.276462       -0.702474   \n",
       "7         7                       Bayonne      43.494514       -1.473666   \n",
       "8         8                      Besancon      47.238022        6.024362   \n",
       "9         9                      Biarritz      43.471144       -1.552727   \n",
       "10       10            Bormes les Mimosas      43.150697        6.341928   \n",
       "11       11                   Carcassonne      43.213036        2.349107   \n",
       "12       12                        Cassis      43.214036        5.539632   \n",
       "13       13  Chateau du Haut Koenigsbourg      48.249490        7.344296   \n",
       "14       14                     Collioure      42.525050        3.083155   \n",
       "15       15                        Colmar      48.077752        7.357964   \n",
       "16       16                         Dijon      47.321581        5.041470   \n",
       "17       17                     Eguisheim      48.044797        7.307962   \n",
       "18       18              Gorges du Verdon      43.749656        6.328562   \n",
       "19       19                      Grenoble      45.187560        5.735782   \n",
       "20       20                   La Rochelle      46.159113       -1.152043   \n",
       "21       21                      Le Havre      49.493898        0.107973   \n",
       "22       22                         Lille      50.636565        3.063528   \n",
       "23       23                          Lyon      45.757814        4.832011   \n",
       "24       24                     Marseille      43.296174        5.369953   \n",
       "25       25             Mont Saint Michel      48.635954       -1.511460   \n",
       "26       26                     Montauban      44.017584        1.354999   \n",
       "27       27                         Nimes      43.837425        4.360069   \n",
       "28       28                         Paris      48.858890        2.320041   \n",
       "29       29                         Rouen      49.440459        1.093966   \n",
       "30       30      Saintes Maries de la mer      43.452277        4.428717   \n",
       "31       31                       St Malo      48.649518       -2.026041   \n",
       "32       32                    Strasbourg      48.584614        7.750713   \n",
       "33       33                      Toulouse      43.604462        1.444247   \n",
       "34       34                          Uzes      44.012128        4.419672   \n",
       "\n",
       "    felt_temperature  rain_probability  \n",
       "0           9.524286          0.074286  \n",
       "1           9.855714          0.015714  \n",
       "2           8.794286          0.001429  \n",
       "3           7.994286          0.000000  \n",
       "4           6.391429          0.160000  \n",
       "5           9.071429          0.000000  \n",
       "6           9.367143          0.207143  \n",
       "7          10.731429          0.218571  \n",
       "8           8.064286          0.000000  \n",
       "9           9.920000          0.224286  \n",
       "10         10.371429          0.000000  \n",
       "11          9.690000          0.134286  \n",
       "12         10.337143          0.034286  \n",
       "13          5.667143          0.000000  \n",
       "14         10.855714          0.142857  \n",
       "15          7.828571          0.000000  \n",
       "16          6.802857          0.000000  \n",
       "17          8.094286          0.000000  \n",
       "18          8.218571          0.000000  \n",
       "19         10.958571          0.000000  \n",
       "20          7.297143          0.174286  \n",
       "21          8.198571          0.122857  \n",
       "22          8.457143          0.028571  \n",
       "23          7.972857          0.000000  \n",
       "24          9.885714          0.032857  \n",
       "25          9.237143          0.158571  \n",
       "26          9.727143          0.092857  \n",
       "27          9.491429          0.034286  \n",
       "28          8.705714          0.032857  \n",
       "29          9.410000          0.084286  \n",
       "30          9.070000          0.067143  \n",
       "31          7.368571          0.234286  \n",
       "32          7.001429          0.000000  \n",
       "33          9.525714          0.098571  \n",
       "34          8.931429          0.005714  "
      ]
     },
     "execution_count": 4,
     "metadata": {},
     "output_type": "execute_result"
    }
   ],
   "source": [
    "data = []\n",
    "\n",
    "API_KEY = 'XXXX'\n",
    "units = 'metric'\n",
    "exclusion ='current,minutely,hourly,alerts'\n",
    "\n",
    "for city in list_cities:\n",
    "    result = requests.get('https://nominatim.openstreetmap.org/search?', params={'format':'json','country' : 'France','q' : city,'limit':1})\n",
    "    city_latitude = result.json()[0]['lat']\n",
    "    city_longitude = result.json()[0]['lon']\n",
    "\n",
    "    for i in range(1,8):\n",
    "        result2 = requests.get(f\"https://api.openweathermap.org/data/2.5/onecall?lat={city_latitude}&lon={city_longitude}&exclude={exclusion}&units=metric&appid={API_KEY}\")\n",
    "        felt_temperature = result2.json()['daily'][i]['feels_like']['day']\n",
    "        rain_probability = result2.json()['daily'][i]['pop']\n",
    "        day = i\n",
    "        data.append([city, city_latitude,city_longitude, felt_temperature, rain_probability, day])\n",
    "\n",
    "df = pd.DataFrame(data=data, columns=('city', 'city_latitude','city_longitude', 'felt_temperature', 'rain_probability', 'day'))\n",
    "df = df.groupby(by='city').agg({'city_latitude': 'max', 'city_longitude' : 'max', 'felt_temperature' : 'mean','rain_probability' : 'mean'}).reset_index()\n",
    "df.insert(0, \"city_id\", df.index)\n",
    "df[\"city_latitude\"], df[\"city_longitude\"] = df[\"city_latitude\"].astype(float), df[\"city_longitude\"].astype(float)\n",
    "df"
   ]
  },
  {
   "cell_type": "code",
   "execution_count": 5,
   "metadata": {},
   "outputs": [
    {
     "data": {
      "text/html": [
       "<div>\n",
       "<style scoped>\n",
       "    .dataframe tbody tr th:only-of-type {\n",
       "        vertical-align: middle;\n",
       "    }\n",
       "\n",
       "    .dataframe tbody tr th {\n",
       "        vertical-align: top;\n",
       "    }\n",
       "\n",
       "    .dataframe thead th {\n",
       "        text-align: right;\n",
       "    }\n",
       "</style>\n",
       "<table border=\"1\" class=\"dataframe\">\n",
       "  <thead>\n",
       "    <tr style=\"text-align: right;\">\n",
       "      <th></th>\n",
       "      <th>city_id</th>\n",
       "      <th>city</th>\n",
       "      <th>city_latitude</th>\n",
       "      <th>city_longitude</th>\n",
       "      <th>felt_temperature</th>\n",
       "      <th>rain_probability</th>\n",
       "    </tr>\n",
       "  </thead>\n",
       "  <tbody>\n",
       "    <tr>\n",
       "      <th>0</th>\n",
       "      <td>19</td>\n",
       "      <td>Grenoble</td>\n",
       "      <td>45.187560</td>\n",
       "      <td>5.735782</td>\n",
       "      <td>10.958571</td>\n",
       "      <td>0.000000</td>\n",
       "    </tr>\n",
       "    <tr>\n",
       "      <th>1</th>\n",
       "      <td>10</td>\n",
       "      <td>Bormes les Mimosas</td>\n",
       "      <td>43.150697</td>\n",
       "      <td>6.341928</td>\n",
       "      <td>10.371429</td>\n",
       "      <td>0.000000</td>\n",
       "    </tr>\n",
       "    <tr>\n",
       "      <th>2</th>\n",
       "      <td>5</td>\n",
       "      <td>Avignon</td>\n",
       "      <td>43.949249</td>\n",
       "      <td>4.805901</td>\n",
       "      <td>9.071429</td>\n",
       "      <td>0.000000</td>\n",
       "    </tr>\n",
       "    <tr>\n",
       "      <th>3</th>\n",
       "      <td>18</td>\n",
       "      <td>Gorges du Verdon</td>\n",
       "      <td>43.749656</td>\n",
       "      <td>6.328562</td>\n",
       "      <td>8.218571</td>\n",
       "      <td>0.000000</td>\n",
       "    </tr>\n",
       "    <tr>\n",
       "      <th>4</th>\n",
       "      <td>17</td>\n",
       "      <td>Eguisheim</td>\n",
       "      <td>48.044797</td>\n",
       "      <td>7.307962</td>\n",
       "      <td>8.094286</td>\n",
       "      <td>0.000000</td>\n",
       "    </tr>\n",
       "    <tr>\n",
       "      <th>5</th>\n",
       "      <td>8</td>\n",
       "      <td>Besancon</td>\n",
       "      <td>47.238022</td>\n",
       "      <td>6.024362</td>\n",
       "      <td>8.064286</td>\n",
       "      <td>0.000000</td>\n",
       "    </tr>\n",
       "    <tr>\n",
       "      <th>6</th>\n",
       "      <td>3</td>\n",
       "      <td>Annecy</td>\n",
       "      <td>45.899235</td>\n",
       "      <td>6.128885</td>\n",
       "      <td>7.994286</td>\n",
       "      <td>0.000000</td>\n",
       "    </tr>\n",
       "    <tr>\n",
       "      <th>7</th>\n",
       "      <td>23</td>\n",
       "      <td>Lyon</td>\n",
       "      <td>45.757814</td>\n",
       "      <td>4.832011</td>\n",
       "      <td>7.972857</td>\n",
       "      <td>0.000000</td>\n",
       "    </tr>\n",
       "    <tr>\n",
       "      <th>8</th>\n",
       "      <td>15</td>\n",
       "      <td>Colmar</td>\n",
       "      <td>48.077752</td>\n",
       "      <td>7.357964</td>\n",
       "      <td>7.828571</td>\n",
       "      <td>0.000000</td>\n",
       "    </tr>\n",
       "    <tr>\n",
       "      <th>9</th>\n",
       "      <td>32</td>\n",
       "      <td>Strasbourg</td>\n",
       "      <td>48.584614</td>\n",
       "      <td>7.750713</td>\n",
       "      <td>7.001429</td>\n",
       "      <td>0.000000</td>\n",
       "    </tr>\n",
       "    <tr>\n",
       "      <th>10</th>\n",
       "      <td>16</td>\n",
       "      <td>Dijon</td>\n",
       "      <td>47.321581</td>\n",
       "      <td>5.041470</td>\n",
       "      <td>6.802857</td>\n",
       "      <td>0.000000</td>\n",
       "    </tr>\n",
       "    <tr>\n",
       "      <th>11</th>\n",
       "      <td>13</td>\n",
       "      <td>Chateau du Haut Koenigsbourg</td>\n",
       "      <td>48.249490</td>\n",
       "      <td>7.344296</td>\n",
       "      <td>5.667143</td>\n",
       "      <td>0.000000</td>\n",
       "    </tr>\n",
       "    <tr>\n",
       "      <th>12</th>\n",
       "      <td>2</td>\n",
       "      <td>Amiens</td>\n",
       "      <td>49.894171</td>\n",
       "      <td>2.295695</td>\n",
       "      <td>8.794286</td>\n",
       "      <td>0.001429</td>\n",
       "    </tr>\n",
       "    <tr>\n",
       "      <th>13</th>\n",
       "      <td>34</td>\n",
       "      <td>Uzes</td>\n",
       "      <td>44.012128</td>\n",
       "      <td>4.419672</td>\n",
       "      <td>8.931429</td>\n",
       "      <td>0.005714</td>\n",
       "    </tr>\n",
       "    <tr>\n",
       "      <th>14</th>\n",
       "      <td>1</td>\n",
       "      <td>Aix en Provence</td>\n",
       "      <td>43.529842</td>\n",
       "      <td>5.447474</td>\n",
       "      <td>9.855714</td>\n",
       "      <td>0.015714</td>\n",
       "    </tr>\n",
       "    <tr>\n",
       "      <th>15</th>\n",
       "      <td>22</td>\n",
       "      <td>Lille</td>\n",
       "      <td>50.636565</td>\n",
       "      <td>3.063528</td>\n",
       "      <td>8.457143</td>\n",
       "      <td>0.028571</td>\n",
       "    </tr>\n",
       "    <tr>\n",
       "      <th>16</th>\n",
       "      <td>24</td>\n",
       "      <td>Marseille</td>\n",
       "      <td>43.296174</td>\n",
       "      <td>5.369953</td>\n",
       "      <td>9.885714</td>\n",
       "      <td>0.032857</td>\n",
       "    </tr>\n",
       "    <tr>\n",
       "      <th>17</th>\n",
       "      <td>28</td>\n",
       "      <td>Paris</td>\n",
       "      <td>48.858890</td>\n",
       "      <td>2.320041</td>\n",
       "      <td>8.705714</td>\n",
       "      <td>0.032857</td>\n",
       "    </tr>\n",
       "    <tr>\n",
       "      <th>18</th>\n",
       "      <td>12</td>\n",
       "      <td>Cassis</td>\n",
       "      <td>43.214036</td>\n",
       "      <td>5.539632</td>\n",
       "      <td>10.337143</td>\n",
       "      <td>0.034286</td>\n",
       "    </tr>\n",
       "    <tr>\n",
       "      <th>19</th>\n",
       "      <td>27</td>\n",
       "      <td>Nimes</td>\n",
       "      <td>43.837425</td>\n",
       "      <td>4.360069</td>\n",
       "      <td>9.491429</td>\n",
       "      <td>0.034286</td>\n",
       "    </tr>\n",
       "    <tr>\n",
       "      <th>20</th>\n",
       "      <td>30</td>\n",
       "      <td>Saintes Maries de la mer</td>\n",
       "      <td>43.452277</td>\n",
       "      <td>4.428717</td>\n",
       "      <td>9.070000</td>\n",
       "      <td>0.067143</td>\n",
       "    </tr>\n",
       "    <tr>\n",
       "      <th>21</th>\n",
       "      <td>0</td>\n",
       "      <td>Aigues Mortes</td>\n",
       "      <td>43.565823</td>\n",
       "      <td>4.191284</td>\n",
       "      <td>9.524286</td>\n",
       "      <td>0.074286</td>\n",
       "    </tr>\n",
       "    <tr>\n",
       "      <th>22</th>\n",
       "      <td>29</td>\n",
       "      <td>Rouen</td>\n",
       "      <td>49.440459</td>\n",
       "      <td>1.093966</td>\n",
       "      <td>9.410000</td>\n",
       "      <td>0.084286</td>\n",
       "    </tr>\n",
       "    <tr>\n",
       "      <th>23</th>\n",
       "      <td>26</td>\n",
       "      <td>Montauban</td>\n",
       "      <td>44.017584</td>\n",
       "      <td>1.354999</td>\n",
       "      <td>9.727143</td>\n",
       "      <td>0.092857</td>\n",
       "    </tr>\n",
       "    <tr>\n",
       "      <th>24</th>\n",
       "      <td>33</td>\n",
       "      <td>Toulouse</td>\n",
       "      <td>43.604462</td>\n",
       "      <td>1.444247</td>\n",
       "      <td>9.525714</td>\n",
       "      <td>0.098571</td>\n",
       "    </tr>\n",
       "    <tr>\n",
       "      <th>25</th>\n",
       "      <td>21</td>\n",
       "      <td>Le Havre</td>\n",
       "      <td>49.493898</td>\n",
       "      <td>0.107973</td>\n",
       "      <td>8.198571</td>\n",
       "      <td>0.122857</td>\n",
       "    </tr>\n",
       "    <tr>\n",
       "      <th>26</th>\n",
       "      <td>11</td>\n",
       "      <td>Carcassonne</td>\n",
       "      <td>43.213036</td>\n",
       "      <td>2.349107</td>\n",
       "      <td>9.690000</td>\n",
       "      <td>0.134286</td>\n",
       "    </tr>\n",
       "    <tr>\n",
       "      <th>27</th>\n",
       "      <td>14</td>\n",
       "      <td>Collioure</td>\n",
       "      <td>42.525050</td>\n",
       "      <td>3.083155</td>\n",
       "      <td>10.855714</td>\n",
       "      <td>0.142857</td>\n",
       "    </tr>\n",
       "    <tr>\n",
       "      <th>28</th>\n",
       "      <td>25</td>\n",
       "      <td>Mont Saint Michel</td>\n",
       "      <td>48.635954</td>\n",
       "      <td>-1.511460</td>\n",
       "      <td>9.237143</td>\n",
       "      <td>0.158571</td>\n",
       "    </tr>\n",
       "    <tr>\n",
       "      <th>29</th>\n",
       "      <td>4</td>\n",
       "      <td>Ariege</td>\n",
       "      <td>42.945537</td>\n",
       "      <td>1.406554</td>\n",
       "      <td>6.391429</td>\n",
       "      <td>0.160000</td>\n",
       "    </tr>\n",
       "    <tr>\n",
       "      <th>30</th>\n",
       "      <td>20</td>\n",
       "      <td>La Rochelle</td>\n",
       "      <td>46.159113</td>\n",
       "      <td>-1.152043</td>\n",
       "      <td>7.297143</td>\n",
       "      <td>0.174286</td>\n",
       "    </tr>\n",
       "    <tr>\n",
       "      <th>31</th>\n",
       "      <td>6</td>\n",
       "      <td>Bayeux</td>\n",
       "      <td>49.276462</td>\n",
       "      <td>-0.702474</td>\n",
       "      <td>9.367143</td>\n",
       "      <td>0.207143</td>\n",
       "    </tr>\n",
       "    <tr>\n",
       "      <th>32</th>\n",
       "      <td>7</td>\n",
       "      <td>Bayonne</td>\n",
       "      <td>43.494514</td>\n",
       "      <td>-1.473666</td>\n",
       "      <td>10.731429</td>\n",
       "      <td>0.218571</td>\n",
       "    </tr>\n",
       "    <tr>\n",
       "      <th>33</th>\n",
       "      <td>9</td>\n",
       "      <td>Biarritz</td>\n",
       "      <td>43.471144</td>\n",
       "      <td>-1.552727</td>\n",
       "      <td>9.920000</td>\n",
       "      <td>0.224286</td>\n",
       "    </tr>\n",
       "    <tr>\n",
       "      <th>34</th>\n",
       "      <td>31</td>\n",
       "      <td>St Malo</td>\n",
       "      <td>48.649518</td>\n",
       "      <td>-2.026041</td>\n",
       "      <td>7.368571</td>\n",
       "      <td>0.234286</td>\n",
       "    </tr>\n",
       "  </tbody>\n",
       "</table>\n",
       "</div>"
      ],
      "text/plain": [
       "    city_id                          city  city_latitude  city_longitude  \\\n",
       "0        19                      Grenoble      45.187560        5.735782   \n",
       "1        10            Bormes les Mimosas      43.150697        6.341928   \n",
       "2         5                       Avignon      43.949249        4.805901   \n",
       "3        18              Gorges du Verdon      43.749656        6.328562   \n",
       "4        17                     Eguisheim      48.044797        7.307962   \n",
       "5         8                      Besancon      47.238022        6.024362   \n",
       "6         3                        Annecy      45.899235        6.128885   \n",
       "7        23                          Lyon      45.757814        4.832011   \n",
       "8        15                        Colmar      48.077752        7.357964   \n",
       "9        32                    Strasbourg      48.584614        7.750713   \n",
       "10       16                         Dijon      47.321581        5.041470   \n",
       "11       13  Chateau du Haut Koenigsbourg      48.249490        7.344296   \n",
       "12        2                        Amiens      49.894171        2.295695   \n",
       "13       34                          Uzes      44.012128        4.419672   \n",
       "14        1               Aix en Provence      43.529842        5.447474   \n",
       "15       22                         Lille      50.636565        3.063528   \n",
       "16       24                     Marseille      43.296174        5.369953   \n",
       "17       28                         Paris      48.858890        2.320041   \n",
       "18       12                        Cassis      43.214036        5.539632   \n",
       "19       27                         Nimes      43.837425        4.360069   \n",
       "20       30      Saintes Maries de la mer      43.452277        4.428717   \n",
       "21        0                 Aigues Mortes      43.565823        4.191284   \n",
       "22       29                         Rouen      49.440459        1.093966   \n",
       "23       26                     Montauban      44.017584        1.354999   \n",
       "24       33                      Toulouse      43.604462        1.444247   \n",
       "25       21                      Le Havre      49.493898        0.107973   \n",
       "26       11                   Carcassonne      43.213036        2.349107   \n",
       "27       14                     Collioure      42.525050        3.083155   \n",
       "28       25             Mont Saint Michel      48.635954       -1.511460   \n",
       "29        4                        Ariege      42.945537        1.406554   \n",
       "30       20                   La Rochelle      46.159113       -1.152043   \n",
       "31        6                        Bayeux      49.276462       -0.702474   \n",
       "32        7                       Bayonne      43.494514       -1.473666   \n",
       "33        9                      Biarritz      43.471144       -1.552727   \n",
       "34       31                       St Malo      48.649518       -2.026041   \n",
       "\n",
       "    felt_temperature  rain_probability  \n",
       "0          10.958571          0.000000  \n",
       "1          10.371429          0.000000  \n",
       "2           9.071429          0.000000  \n",
       "3           8.218571          0.000000  \n",
       "4           8.094286          0.000000  \n",
       "5           8.064286          0.000000  \n",
       "6           7.994286          0.000000  \n",
       "7           7.972857          0.000000  \n",
       "8           7.828571          0.000000  \n",
       "9           7.001429          0.000000  \n",
       "10          6.802857          0.000000  \n",
       "11          5.667143          0.000000  \n",
       "12          8.794286          0.001429  \n",
       "13          8.931429          0.005714  \n",
       "14          9.855714          0.015714  \n",
       "15          8.457143          0.028571  \n",
       "16          9.885714          0.032857  \n",
       "17          8.705714          0.032857  \n",
       "18         10.337143          0.034286  \n",
       "19          9.491429          0.034286  \n",
       "20          9.070000          0.067143  \n",
       "21          9.524286          0.074286  \n",
       "22          9.410000          0.084286  \n",
       "23          9.727143          0.092857  \n",
       "24          9.525714          0.098571  \n",
       "25          8.198571          0.122857  \n",
       "26          9.690000          0.134286  \n",
       "27         10.855714          0.142857  \n",
       "28          9.237143          0.158571  \n",
       "29          6.391429          0.160000  \n",
       "30          7.297143          0.174286  \n",
       "31          9.367143          0.207143  \n",
       "32         10.731429          0.218571  \n",
       "33          9.920000          0.224286  \n",
       "34          7.368571          0.234286  "
      ]
     },
     "execution_count": 5,
     "metadata": {},
     "output_type": "execute_result"
    }
   ],
   "source": [
    "# Sorting by the lowest probability of rain, and then by the higher temperature (in case mean rain probability was equal for 2 of the best 5 cities, but not the case here)\n",
    "# I do not like walking under the rain, while if it is cold, you just need multiple layers of clothing!\n",
    "df_meteo = df.sort_values(by=['rain_probability','felt_temperature'], ascending=[True, False])\n",
    "df_meteo = df_meteo.reset_index(drop=True)\n",
    "df_meteo"
   ]
  },
  {
   "cell_type": "code",
   "execution_count": 6,
   "metadata": {},
   "outputs": [],
   "source": [
    "# Replacing accents and specific characters to make sure we get correspondance for further merge\n",
    "df_meteo[\"city\"] = [x.lower() for x in df_meteo[\"city\"]]\n",
    "df_meteo[\"city\"] = [x.replace(\"  \", \" \") for x in df_meteo[\"city\"]]\n",
    "df_meteo[\"city\"] = [x.replace(\"-\", \" \") for x in df_meteo[\"city\"]]\n",
    "df_meteo[\"city\"] = [x.replace(\"ç\", \"c\") for x in df_meteo[\"city\"]]\n",
    "df_meteo[\"city\"] = [x.replace(\"œ\", \"oe\") for x in df_meteo[\"city\"]]\n",
    "df_meteo[\"city\"] = [x.replace(\"saint\", \"st\") for x in df_meteo[\"city\"]]\n",
    "df_meteo[\"city\"] = [x.replace(\"é\", \"e\") for x in df_meteo[\"city\"]]\n",
    "df_meteo[\"city\"] = [x.replace(\"è\", \"e\") for x in df_meteo[\"city\"]]\n",
    "df_meteo[\"city\"] = [x.replace(\"ê\", \"e\") for x in df_meteo[\"city\"]]\n",
    "df_meteo[\"city\"] = [x.replace(\"â\", \"a\") for x in df_meteo[\"city\"]]\n",
    "df_meteo[\"city\"] = [x.replace(\"î\", \"i\") for x in df_meteo[\"city\"]]\n",
    "df_meteo[\"city\"] = [x.replace(\"le \", \"\") for x in df_meteo[\"city\"]]"
   ]
  },
  {
   "cell_type": "code",
   "execution_count": 7,
   "metadata": {},
   "outputs": [],
   "source": [
    "df_meteo.to_csv('df_meteo.csv')"
   ]
  },
  {
   "attachments": {},
   "cell_type": "markdown",
   "metadata": {},
   "source": [
    "# 2 Top-5 cities Map"
   ]
  },
  {
   "cell_type": "code",
   "execution_count": 8,
   "metadata": {},
   "outputs": [],
   "source": [
    "# Importing library to make plots\n",
    "import plotly.express as px"
   ]
  },
  {
   "cell_type": "code",
   "execution_count": 9,
   "metadata": {},
   "outputs": [
    {
     "data": {
      "application/vnd.plotly.v1+json": {
       "config": {
        "plotlyServerURL": "https://plot.ly"
       },
       "data": [
        {
         "hovertemplate": "<b>%{hovertext}</b><br><br>felt_temperature=%{marker.color}<br>city_latitude=%{lat}<br>city_longitude=%{lon}<extra></extra>",
         "hovertext": [
          "grenoble",
          "bormes les mimosas",
          "avignon",
          "gorges du verdon",
          "eguisheim"
         ],
         "lat": [
          45.1875602,
          43.1506968,
          43.9492493,
          43.7496562,
          48.0447968
         ],
         "legendgroup": "",
         "lon": [
          5.7357819,
          6.3419285,
          4.8059012,
          6.3285616,
          7.3079618
         ],
         "marker": {
          "color": [
           10.95857142857143,
           10.37142857142857,
           9.071428571428571,
           8.218571428571428,
           8.094285714285714
          ],
          "coloraxis": "coloraxis",
          "size": [
           10.95857142857143,
           10.37142857142857,
           9.071428571428571,
           8.218571428571428,
           8.094285714285714
          ],
          "sizemode": "area",
          "sizeref": 0.012176190476190478
         },
         "mode": "markers",
         "name": "",
         "showlegend": false,
         "subplot": "mapbox",
         "type": "scattermapbox"
        }
       ],
       "layout": {
        "coloraxis": {
         "colorbar": {
          "title": {
           "text": "felt_temperature"
          }
         },
         "colorscale": [
          [
           0,
           "rgb(12,51,131)"
          ],
          [
           0.25,
           "rgb(10,136,186)"
          ],
          [
           0.5,
           "rgb(242,211,56)"
          ],
          [
           0.75,
           "rgb(242,143,56)"
          ],
          [
           1,
           "rgb(217,30,30)"
          ]
         ]
        },
        "height": 800,
        "legend": {
         "itemsizing": "constant",
         "tracegroupgap": 0
        },
        "mapbox": {
         "center": {
          "lat": 47,
          "lon": 2
         },
         "domain": {
